              precision    recall  f1-score   support

           0     0.4545    0.2381    0.3125        21
           1     0.5455    0.3692    0.4404        65
           2     0.4110    0.6250    0.4959        48
           3     0.6410    0.5952    0.6173        42
           4     0.7258    0.6164    0.6667        73
           5     0.0000    0.0000    0.0000         2
           6     0.7143    0.2273    0.3448        22
           7     0.3000    0.9231    0.4528        13
           8     0.5000    0.5278    0.5135        36
           9     0.6446    0.6047    0.6240       129
          10     0.6053    0.7041    0.6509        98

    accuracy                         0.5683       549
   macro avg     0.5038    0.4937    0.4653       549
weighted avg     0.5915    0.5683    0.5644       549

              precision    recall  f1-score   support

           0     0.6250    0.2381    0.3448        21
           1     0.5000    0.5231    0.5113        65
           2     0.4500    0.3750    0.4091        48
           3     0.5714    0.2857    0.3810        42
           4     0.5962    0.8493    0.7006        73
           5     0.0000    0.0000    0.0000         2
           6     0.4872    0.8636    0.6230        22
           7     0.6667    0.1538    0.2500        13
           8     0.6667    0.1111    0.1905        36
           9     0.6099    0.6667    0.6370       129
          10     0.6387    0.7755    0.7005        98

    accuracy                         0.5792       549
   macro avg     0.5283    0.4402    0.4316       549
weighted avg     0.5818    0.5792    0.5499       549

              precision    recall  f1-score   support

           0     0.5455    0.2857    0.3750        21
           1     0.4872    0.2923    0.3654        65
           2     0.3971    0.5625    0.4655        48
           3     0.4219    0.6429    0.5094        42
           4     0.7000    0.6712    0.6853        73
           5     0.0000    0.0000    0.0000         2
           6     0.5263    0.9091    0.6667        22
           7     1.0000    0.0769    0.1429        13
           8     0.6333    0.5278    0.5758        36
           9     0.6767    0.6977    0.6870       129
          10     0.6632    0.6429    0.6528        98

    accuracy                         0.5847       549
   macro avg     0.5501    0.4826    0.4660       549
weighted avg     0.6023    0.5847    0.5742       549
